$ANSIBLE_VAULT;1.1;AES256
36363133363663326364303237653137373739653933343261333366383030663561393237313662
3237326161323835636130303037383833313332343435390a646434616162666561383236363231
61616537646639303130376632346562323137336465323937326332303133653930343138646264
3535346435636263350a396366366234333731633934333432346333336661373062363436313233
32356536633931613532666537613865643231633936306536613638643563626461356262393638
31653662393764616464356336376133636164313338663566373866316239633231326663353165
65373437626134636431623935623331613137376534376130366534616561383763353332346663
34383762636536353533373639333064623938306463323130636666633736353966636463353738
32613134316439656538363732373235633164343562393838653033323164366662386639353330
66333766633662356362346637333563373664396166623337383933376330663339386264663233
63666464323935393632636133366365653536356239313836373466306239643536376434316135
32313630333636623332343835623964353933366237303030376530633930303634633433316631
31373630316439646164393663383265653337613164373466393736623133353934
