$ANSIBLE_VAULT;1.1;AES256
30386639346566616231356264366665346335333464373134376236613739636537346163663936
6439326366363263656535346338366133616261353036630a396565393733326232323533626237
34333231393239346631383539336264313531663032643039343337653461313664653636393434
6334323632366563340a646166343636383039353861306263306330326633656234383737363935
66663261316666623763383432663937636232626362646637646135333931373064383966653832
38363563633065626637626633626266353036363832346334316433333462313662653637363364
32626362306263333534363361383565346132373030643963383538366532326135646636393664
38336139636237613265303730376330343237646633633866396232336136623630653936323163
61646663306238336264356638383064663431626330643362303239396334633035343630343361
64323065653530613663376338623939303430663932613332346663396161386334316132363762
33313838653761653264633735623561653135666562363936653439393431323862383064376662
38363331373836656539393338663034393464333361353361656532393739306666303938613739
31626436623635366461653138376339323634336332306134663661663366366533
