$ANSIBLE_VAULT;1.1;AES256
34363033313662336231393161323664656634396639386661613238666339313435346465323634
3464653766306362353532666133323334336362363764320a656565656532656566333135343765
34393631346134623135376566333530376233663236623932343264643465616261663538656638
3964376438383862630a633830316332663764326566636264303531643966303039316266396232
38393261633262346565326531316234643766623666376262353135346561626637383532626430
63333936323735336133646238383238613337326263383737613634313965626635303663663836
30376461366433343937663533663262663636383364323532316562336261626332353664363761
64323436643737383838373538646366373763386630656565646336366538333834356538643863
33383761663739663532656636613638383061613637376530616466393733313532396330666239
38323066653265313866326434386262643935343262363033303566373639393636316233326339
33326663646236646562646235656330366133313334623835383864343339326661366663356535
36383534353864633430386333363461343264623365306233633638313735366637333335653138
3532
